668 999 667
1 667 1
2 667 1
3 667 1
4 667 1
5 667 1
6 667 1
7 667 1
8 667 1
9 667 1
10 667 1
11 667 1
12 667 1
13 667 1
14 667 1
15 667 1
16 667 1
17 667 1
18 667 1
19 667 1
20 667 1
21 667 1
22 667 1
23 667 1
24 667 1
25 667 1
26 667 1
27 667 1
28 667 1
29 667 1
30 667 1
31 667 1
32 667 1
33 667 1
34 667 1
35 667 1
36 667 1
37 667 1
38 667 1
39 667 1
40 667 1
41 667 1
42 667 1
43 667 1
44 667 1
45 667 1
46 667 1
47 667 1
48 667 1
49 667 1
50 667 1
51 667 1
52 667 1
53 667 1
54 667 1
55 667 1
56 667 1
57 667 1
58 667 1
59 667 1
60 667 1
61 667 1
62 667 1
63 667 1
64 667 1
65 667 1
66 667 1
67 667 1
68 667 1
69 667 1
70 667 1
71 667 1
72 667 1
73 667 1
74 667 1
75 667 1
76 667 1
77 667 1
78 667 1
79 667 1
80 667 1
81 667 1
82 667 1
83 667 1
84 667 1
85 667 1
86 667 1
87 667 1
88 667 1
89 667 1
90 667 1
91 667 1
92 667 1
93 667 1
94 667 1
95 667 1
96 667 1
97 667 1
98 667 1
99 667 1
100 667 1
101 667 1
102 667 1
103 667 1
104 667 1
105 667 1
106 667 1
107 667 1
108 667 1
109 667 1
110 667 1
111 667 1
112 667 1
113 667 1
114 667 1
115 667 1
116 667 1
117 667 1
118 667 1
119 667 1
120 667 1
121 667 1
122 667 1
123 667 1
124 667 1
125 667 1
126 667 1
127 667 1
128 667 1
129 667 1
130 667 1
131 667 1
132 667 1
133 667 1
134 667 1
135 667 1
136 667 1
137 667 1
138 667 1
139 667 1
140 667 1
141 667 1
142 667 1
143 667 1
144 667 1
145 667 1
146 667 1
147 667 1
148 667 1
149 667 1
150 667 1
151 667 1
152 667 1
153 667 1
154 667 1
155 667 1
156 667 1
157 667 1
158 667 1
159 667 1
160 667 1
161 667 1
162 667 1
163 667 1
164 667 1
165 667 1
166 667 1
167 667 1
168 667 1
169 667 1
170 667 1
171 667 1
172 667 1
173 667 1
174 667 1
175 667 1
176 667 1
177 667 1
178 667 1
179 667 1
180 667 1
181 667 1
182 667 1
183 667 1
184 667 1
185 667 1
186 667 1
187 667 1
188 667 1
189 667 1
190 667 1
191 667 1
192 667 1
193 667 1
194 667 1
195 667 1
196 667 1
197 667 1
198 667 1
199 667 1
200 667 1
201 667 1
202 667 1
203 667 1
204 667 1
205 667 1
206 667 1
207 667 1
208 667 1
209 667 1
210 667 1
211 667 1
212 667 1
213 667 1
214 667 1
215 667 1
216 667 1
217 667 1
218 667 1
219 667 1
220 667 1
221 667 1
222 667 1
223 667 1
224 667 1
225 667 1
226 667 1
227 667 1
228 667 1
229 667 1
230 667 1
231 667 1
232 667 1
233 667 1
234 667 1
235 667 1
236 667 1
237 667 1
238 667 1
239 667 1
240 667 1
241 667 1
242 667 1
243 667 1
244 667 1
245 667 1
246 667 1
247 667 1
248 667 1
249 667 1
250 667 1
251 667 1
252 667 1
253 667 1
254 667 1
255 667 1
256 667 1
257 667 1
258 667 1
259 667 1
260 667 1
261 667 1
262 667 1
263 667 1
264 667 1
265 667 1
266 667 1
267 667 1
268 667 1
269 667 1
270 667 1
271 667 1
272 667 1
273 667 1
274 667 1
275 667 1
276 667 1
277 667 1
278 667 1
279 667 1
280 667 1
281 667 1
282 667 1
283 667 1
284 667 1
285 667 1
286 667 1
287 667 1
288 667 1
289 667 1
290 667 1
291 667 1
292 667 1
293 667 1
294 667 1
295 667 1
296 667 1
297 667 1
298 667 1
299 667 1
300 667 1
301 667 1
302 667 1
303 667 1
304 667 1
305 667 1
306 667 1
307 667 1
308 667 1
309 667 1
310 667 1
311 667 1
312 667 1
313 667 1
314 667 1
315 667 1
316 667 1
317 667 1
318 667 1
319 667 1
320 667 1
321 667 1
322 667 1
323 667 1
324 667 1
325 667 1
326 667 1
327 667 1
328 667 1
329 667 1
330 667 1
331 667 1
332 667 1
333 667 1
667 334 1
667 335 2
667 336 3
667 337 4
667 338 5
667 339 6
667 340 7
667 341 8
667 342 9
667 343 10
667 344 11
667 345 12
667 346 13
667 347 14
667 348 15
667 349 16
667 350 17
667 351 18
667 352 19
667 353 20
667 354 21
667 355 22
667 356 23
667 357 24
667 358 25
667 359 26
667 360 27
667 361 28
667 362 29
667 363 30
667 364 31
667 365 32
667 366 33
667 367 34
667 368 35
667 369 36
667 370 37
667 371 38
667 372 39
667 373 40
667 374 41
667 375 42
667 376 43
667 377 44
667 378 45
667 379 46
667 380 47
667 381 48
667 382 49
667 383 50
667 384 51
667 385 52
667 386 53
667 387 54
667 388 55
667 389 56
667 390 57
667 391 58
667 392 59
667 393 60
667 394 61
667 395 62
667 396 63
667 397 64
667 398 65
667 399 66
667 400 67
667 401 68
667 402 69
667 403 70
667 404 71
667 405 72
667 406 73
667 407 74
667 408 75
667 409 76
667 410 77
667 411 78
667 412 79
667 413 80
667 414 81
667 415 82
667 416 83
667 417 84
667 418 85
667 419 86
667 420 87
667 421 88
667 422 89
667 423 90
667 424 91
667 425 92
667 426 93
667 427 94
667 428 95
667 429 96
667 430 97
667 431 98
667 432 99
667 433 100
667 434 101
667 435 102
667 436 103
667 437 104
667 438 105
667 439 106
667 440 107
667 441 108
667 442 109
667 443 110
667 444 111
667 445 112
667 446 113
667 447 114
667 448 115
667 449 116
667 450 117
667 451 118
667 452 119
667 453 120
667 454 121
667 455 122
667 456 123
667 457 124
667 458 125
667 459 126
667 460 127
667 461 128
667 462 129
667 463 130
667 464 131
667 465 132
667 466 133
667 467 134
667 468 135
667 469 136
667 470 137
667 471 138
667 472 139
667 473 140
667 474 141
667 475 142
667 476 143
667 477 144
667 478 145
667 479 146
667 480 147
667 481 148
667 482 149
667 483 150
667 484 151
667 485 152
667 486 153
667 487 154
667 488 155
667 489 156
667 490 157
667 491 158
667 492 159
667 493 160
667 494 161
667 495 162
667 496 163
667 497 164
667 498 165
667 499 166
667 500 167
667 501 168
667 502 169
667 503 170
667 504 171
667 505 172
667 506 173
667 507 174
667 508 175
667 509 176
667 510 177
667 511 178
667 512 179
667 513 180
667 514 181
667 515 182
667 516 183
667 517 184
667 518 185
667 519 186
667 520 187
667 521 188
667 522 189
667 523 190
667 524 191
667 525 192
667 526 193
667 527 194
667 528 195
667 529 196
667 530 197
667 531 198
667 532 199
667 533 200
667 534 201
667 535 202
667 536 203
667 537 204
667 538 205
667 539 206
667 540 207
667 541 208
667 542 209
667 543 210
667 544 211
667 545 212
667 546 213
667 547 214
667 548 215
667 549 216
667 550 217
667 551 218
667 552 219
667 553 220
667 554 221
667 555 222
667 556 223
667 557 224
667 558 225
667 559 226
667 560 227
667 561 228
667 562 229
667 563 230
667 564 231
667 565 232
667 566 233
667 567 234
667 568 235
667 569 236
667 570 237
667 571 238
667 572 239
667 573 240
667 574 241
667 575 242
667 576 243
667 577 244
667 578 245
667 579 246
667 580 247
667 581 248
667 582 249
667 583 250
667 584 251
667 585 252
667 586 253
667 587 254
667 588 255
667 589 256
667 590 257
667 591 258
667 592 259
667 593 260
667 594 261
667 595 262
667 596 263
667 597 264
667 598 265
667 599 266
667 600 267
667 601 268
667 602 269
667 603 270
667 604 271
667 605 272
667 606 273
667 607 274
667 608 275
667 609 276
667 610 277
667 611 278
667 612 279
667 613 280
667 614 281
667 615 282
667 616 283
667 617 284
667 618 285
667 619 286
667 620 287
667 621 288
667 622 289
667 623 290
667 624 291
667 625 292
667 626 293
667 627 294
667 628 295
667 629 296
667 630 297
667 631 298
667 632 299
667 633 300
667 634 301
667 635 302
667 636 303
667 637 304
667 638 305
667 639 306
667 640 307
667 641 308
667 642 309
667 643 310
667 644 311
667 645 312
667 646 313
667 647 314
667 648 315
667 649 316
667 650 317
667 651 318
667 652 319
667 653 320
667 654 321
667 655 322
667 656 323
667 657 324
667 658 325
667 659 326
667 660 327
667 661 328
667 662 329
667 663 330
667 664 331
667 665 332
667 666 333
334 668 665
335 668 663
336 668 661
337 668 659
338 668 657
339 668 655
340 668 653
341 668 651
342 668 649
343 668 647
344 668 645
345 668 643
346 668 641
347 668 639
348 668 637
349 668 635
350 668 633
351 668 631
352 668 629
353 668 627
354 668 625
355 668 623
356 668 621
357 668 619
358 668 617
359 668 615
360 668 613
361 668 611
362 668 609
363 668 607
364 668 605
365 668 603
366 668 601
367 668 599
368 668 597
369 668 595
370 668 593
371 668 591
372 668 589
373 668 587
374 668 585
375 668 583
376 668 581
377 668 579
378 668 577
379 668 575
380 668 573
381 668 571
382 668 569
383 668 567
384 668 565
385 668 563
386 668 561
387 668 559
388 668 557
389 668 555
390 668 553
391 668 551
392 668 549
393 668 547
394 668 545
395 668 543
396 668 541
397 668 539
398 668 537
399 668 535
400 668 533
401 668 531
402 668 529
403 668 527
404 668 525
405 668 523
406 668 521
407 668 519
408 668 517
409 668 515
410 668 513
411 668 511
412 668 509
413 668 507
414 668 505
415 668 503
416 668 501
417 668 499
418 668 497
419 668 495
420 668 493
421 668 491
422 668 489
423 668 487
424 668 485
425 668 483
426 668 481
427 668 479
428 668 477
429 668 475
430 668 473
431 668 471
432 668 469
433 668 467
434 668 465
435 668 463
436 668 461
437 668 459
438 668 457
439 668 455
440 668 453
441 668 451
442 668 449
443 668 447
444 668 445
445 668 443
446 668 441
447 668 439
448 668 437
449 668 435
450 668 433
451 668 431
452 668 429
453 668 427
454 668 425
455 668 423
456 668 421
457 668 419
458 668 417
459 668 415
460 668 413
461 668 411
462 668 409
463 668 407
464 668 405
465 668 403
466 668 401
467 668 399
468 668 397
469 668 395
470 668 393
471 668 391
472 668 389
473 668 387
474 668 385
475 668 383
476 668 381
477 668 379
478 668 377
479 668 375
480 668 373
481 668 371
482 668 369
483 668 367
484 668 365
485 668 363
486 668 361
487 668 359
488 668 357
489 668 355
490 668 353
491 668 351
492 668 349
493 668 347
494 668 345
495 668 343
496 668 341
497 668 339
498 668 337
499 668 335
500 668 333
501 668 331
502 668 329
503 668 327
504 668 325
505 668 323
506 668 321
507 668 319
508 668 317
509 668 315
510 668 313
511 668 311
512 668 309
513 668 307
514 668 305
515 668 303
516 668 301
517 668 299
518 668 297
519 668 295
520 668 293
521 668 291
522 668 289
523 668 287
524 668 285
525 668 283
526 668 281
527 668 279
528 668 277
529 668 275
530 668 273
531 668 271
532 668 269
533 668 267
534 668 265
535 668 263
536 668 261
537 668 259
538 668 257
539 668 255
540 668 253
541 668 251
542 668 249
543 668 247
544 668 245
545 668 243
546 668 241
547 668 239
548 668 237
549 668 235
550 668 233
551 668 231
552 668 229
553 668 227
554 668 225
555 668 223
556 668 221
557 668 219
558 668 217
559 668 215
560 668 213
561 668 211
562 668 209
563 668 207
564 668 205
565 668 203
566 668 201
567 668 199
568 668 197
569 668 195
570 668 193
571 668 191
572 668 189
573 668 187
574 668 185
575 668 183
576 668 181
577 668 179
578 668 177
579 668 175
580 668 173
581 668 171
582 668 169
583 668 167
584 668 165
585 668 163
586 668 161
587 668 159
588 668 157
589 668 155
590 668 153
591 668 151
592 668 149
593 668 147
594 668 145
595 668 143
596 668 141
597 668 139
598 668 137
599 668 135
600 668 133
601 668 131
602 668 129
603 668 127
604 668 125
605 668 123
606 668 121
607 668 119
608 668 117
609 668 115
610 668 113
611 668 111
612 668 109
613 668 107
614 668 105
615 668 103
616 668 101
617 668 99
618 668 97
619 668 95
620 668 93
621 668 91
622 668 89
623 668 87
624 668 85
625 668 83
626 668 81
627 668 79
628 668 77
629 668 75
630 668 73
631 668 71
632 668 69
633 668 67
634 668 65
635 668 63
636 668 61
637 668 59
638 668 57
639 668 55
640 668 53
641 668 51
642 668 49
643 668 47
644 668 45
645 668 43
646 668 41
647 668 39
648 668 37
649 668 35
650 668 33
651 668 31
652 668 29
653 668 27
654 668 25
655 668 23
656 668 21
657 668 19
658 668 17
659 668 15
660 668 13
661 668 11
662 668 9
663 668 7
664 668 5
665 668 3
666 668 1
1 2
1 3
1 4
1 5
1 6
1 7
1 8
1 9
1 10
1 11
1 12
1 13
1 14
1 15
1 16
1 17
1 18
1 19
1 20
1 21
1 22
1 23
1 24
1 25
1 26
1 27
1 28
1 29
1 30
1 31
1 32
1 33
1 34
1 35
1 36
1 37
1 38
1 39
1 40
1 41
1 42
1 43
1 44
1 45
1 46
1 47
1 48
1 49
1 50
1 51
1 52
1 53
1 54
1 55
1 56
1 57
1 58
1 59
1 60
1 61
1 62
1 63
1 64
1 65
1 66
1 67
1 68
1 69
1 70
1 71
1 72
1 73
1 74
1 75
1 76
1 77
1 78
1 79
1 80
1 81
1 82
1 83
1 84
1 85
1 86
1 87
1 88
1 89
1 90
1 91
1 92
1 93
1 94
1 95
1 96
1 97
1 98
1 99
1 100
1 101
1 102
1 103
1 104
1 105
1 106
1 107
1 108
1 109
1 110
1 111
1 112
1 113
1 114
1 115
1 116
1 117
1 118
1 119
1 120
1 121
1 122
1 123
1 124
1 125
1 126
1 127
1 128
1 129
1 130
1 131
1 132
1 133
1 134
1 135
1 136
1 137
1 138
1 139
1 140
1 141
1 142
1 143
1 144
1 145
1 146
1 147
1 148
1 149
1 150
1 151
1 152
1 153
1 154
1 155
1 156
1 157
1 158
1 159
1 160
1 161
1 162
1 163
1 164
1 165
1 166
1 167
1 168
1 169
1 170
1 171
1 172
1 173
1 174
1 175
1 176
1 177
1 178
1 179
1 180
1 181
1 182
1 183
1 184
1 185
1 186
1 187
1 188
1 189
1 190
1 191
1 192
1 193
1 194
1 195
1 196
1 197
1 198
1 199
1 200
1 201
1 202
1 203
1 204
1 205
1 206
1 207
1 208
1 209
1 210
1 211
1 212
1 213
1 214
1 215
1 216
1 217
1 218
1 219
1 220
1 221
1 222
1 223
1 224
1 225
1 226
1 227
1 228
1 229
1 230
1 231
1 232
1 233
1 234
1 235
1 236
1 237
1 238
1 239
1 240
1 241
1 242
1 243
1 244
1 245
1 246
1 247
1 248
1 249
1 250
1 251
1 252
1 253
1 254
1 255
1 256
1 257
1 258
1 259
1 260
1 261
1 262
1 263
1 264
1 265
1 266
1 267
1 268
1 269
1 270
1 271
1 272
1 273
1 274
1 275
1 276
1 277
1 278
1 279
1 280
1 281
1 282
1 283
1 284
1 285
1 286
1 287
1 288
1 289
1 290
1 291
1 292
1 293
1 294
1 295
1 296
1 297
1 298
1 299
1 300
1 301
1 302
1 303
1 304
1 305
1 306
1 307
1 308
1 309
1 310
1 311
1 312
1 313
1 314
1 315
1 316
1 317
1 318
1 319
1 320
1 321
1 322
1 323
1 324
1 325
1 326
1 327
1 328
1 329
1 330
1 331
1 332
1 333
1 334
1 335
1 336
1 337
1 338
1 339
1 340
1 341
1 342
1 343
1 344
1 345
1 346
1 347
1 348
1 349
1 350
1 351
1 352
1 353
1 354
1 355
1 356
1 357
1 358
1 359
1 360
1 361
1 362
1 363
1 364
1 365
1 366
1 367
1 368
1 369
1 370
1 371
1 372
1 373
1 374
1 375
1 376
1 377
1 378
1 379
1 380
1 381
1 382
1 383
1 384
1 385
1 386
1 387
1 388
1 389
1 390
1 391
1 392
1 393
1 394
1 395
1 396
1 397
1 398
1 399
1 400
1 401
1 402
1 403
1 404
1 405
1 406
1 407
1 408
1 409
1 410
1 411
1 412
1 413
1 414
1 415
1 416
1 417
1 418
1 419
1 420
1 421
1 422
1 423
1 424
1 425
1 426
1 427
1 428
1 429
1 430
1 431
1 432
1 433
1 434
1 435
1 436
1 437
1 438
1 439
1 440
1 441
1 442
1 443
1 444
1 445
1 446
1 447
1 448
1 449
1 450
1 451
1 452
1 453
1 454
1 455
1 456
1 457
1 458
1 459
1 460
1 461
1 462
1 463
1 464
1 465
1 466
1 467
1 468
1 469
1 470
1 471
1 472
1 473
1 474
1 475
1 476
1 477
1 478
1 479
1 480
1 481
1 482
1 483
1 484
1 485
1 486
1 487
1 488
1 489
1 490
1 491
1 492
1 493
1 494
1 495
1 496
1 497
1 498
1 499
1 500
1 501
1 502
1 503
1 504
1 505
1 506
1 507
1 508
1 509
1 510
1 511
1 512
1 513
1 514
1 515
1 516
1 517
1 518
1 519
1 520
1 521
1 522
1 523
1 524
1 525
1 526
1 527
1 528
1 529
1 530
1 531
1 532
1 533
1 534
1 535
1 536
1 537
1 538
1 539
1 540
1 541
1 542
1 543
1 544
1 545
1 546
1 547
1 548
1 549
1 550
1 551
1 552
1 553
1 554
1 555
1 556
1 557
1 558
1 559
1 560
1 561
1 562
1 563
1 564
1 565
1 566
1 567
1 568
1 569
1 570
1 571
1 572
1 573
1 574
1 575
1 576
1 577
1 578
1 579
1 580
1 581
1 582
1 583
1 584
1 585
1 586
1 587
1 588
1 589
1 590
1 591
1 592
1 593
1 594
1 595
1 596
1 597
1 598
1 599
1 600
1 601
1 602
1 603
1 604
1 605
1 606
1 607
1 608
1 609
1 610
1 611
1 612
1 613
1 614
1 615
1 616
1 617
1 618
1 619
1 620
1 621
1 622
1 623
1 624
1 625
1 626
1 627
1 628
1 629
1 630
1 631
1 632
1 633
1 634
1 635
1 636
1 637
1 638
1 639
1 640
1 641
1 642
1 643
1 644
1 645
1 646
1 647
1 648
1 649
1 650
1 651
1 652
1 653
1 654
1 655
1 656
1 657
1 658
1 659
1 660
1 661
1 662
1 663
1 664
1 665
1 666
1 667
1 668
